8 0.88304 0.4299 0.06708 0.2096
8 0.952395 0.39435 0.09499 0.3681
8 0.6009174311926606 0.39925925925925926 0.005838198498748892 0.01925925925925931
8 0.6046705587989991 0.40444444444444444 0.006672226855713004 0.014814814814814836
8 0.6134278565471226 0.3985185185185185 0.015846538782318564 0.026666666666666672
8 0.6234361968306923 0.3970370370370371 0.010842368640533784 0.03259259259259256
8 0.6351125938281902 0.39481481481481484 0.020850708924103456 0.07555555555555554
8 0.6526271893244371 0.3985185185185185 0.025854879065888237 0.06518518518518518
8 0.6755629691409508 0.40814814814814815 0.030025020850708906 0.07851851851851854
8 0.6959966638865722 0.4103703703703704 0.025854879065888237 0.0859259259259259
8 0.7231025854879065 0.4096296296296296 0.0417014178482068 0.1318518518518519
