1 0.82429 0.42254 0.02958 0.02888
1 0.58764 0.419925 0.01208 0.01925
1 0.61389 0.420315 0.01458 0.01703
1 0.6424650000000001 0.418875 0.01333 0.01555
1 0.60083 0.418485 0.01166 0.01777
1 0.666375 0.421095 0.00875 0.01259
1 0.833455 0.42256000000000005 0.01291 0.02592
1 0.6803665 0.421405 0.008333 0.01481
1 0.78373 0.42399499999999996 0.01166 0.01999
1 0.81724 0.42323999999999995 0.01708 0.02148
1 0.769965 0.41703 0.01833 0.02666
1 0.90637 0.42736999999999997 0.01374 0.02074
1 0.728055 0.41695000000000004 0.01291 0.0237
