0 0.343105 0.06407 0.02041 0.02444
0 0.6870833333333334 0.21333333333333332 0.02416666666666667 0.05925925925925926
0 0.77625 0.06074074074074075 0.02416666666666667 0.0325925925925926
0 0.77125 0.11037037037037037 0.02416666666666667 0.045925925925925926
0 0.8016666666666666 0.13111111111111112 0.030000000000000027 0.05185185185185184
0 0.775 0.17037037037037037 0.016666666666666607 0.026666666666666672
0 0.7925 0.17703703703703705 0.023333333333333317 0.03407407407407406
0 0.79 0.20666666666666667 0.023333333333333317 0.0222222222222222
0 0.83 0.2518518518518519 0.020000000000000018 0.023703703703703727
0 0.83125 0.20814814814814814 0.01749999999999996 0.022222222222222227
0 0.8225 0.06296296296296297 0.018333333333333313 0.02814814814814815
0 0.85625 0.0748148148148148 0.019166666666666665 0.031111111111111103
0 0.8966666666666667 0.026666666666666665 0.025000000000000022 0.04148148148148148
0 0.9154166666666668 0.07333333333333333 0.019166666666666665 0.028148148148148144
0 0.9445833333333333 0.08 0.019166666666666665 0.026666666666666672
0 0.9729166666666667 0.09851851851851852 0.01750000000000007 0.022222222222222227
0 0.91125 0.12074074074074073 0.02083333333333326 0.02814814814814813
0 0.9283333333333333 0.1488888888888889 0.016666666666666607 0.022222222222222227
0 0.9620833333333333 0.14370370370370372 0.01416666666666666 0.014814814814814808
0 0.9704166666666667 0.16148148148148148 0.02083333333333337 0.029629629629629617
0 0.9929166666666667 0.19481481481481483 0.009166666666666767 0.02518518518518517
0 0.9908333333333333 0.22296296296296297 0.01333333333333342 0.02518518518518517
0 0.9516666666666667 0.2 0.02833333333333332 0.026666666666666672
0 0.9008333333333334 0.14888888888888888 0.02833333333333332 0.045925925925925926
0 0.9079166666666667 0.18962962962962965 0.022500000000000075 0.04148148148148148
0 0.88 0.19111111111111112 0.018333333333333313 0.029629629629629645
0 0.8666666666666667 0.19185185185185186 0.01666666666666672 0.028148148148148144
