0 0.125155 0.31925000000000003 0.02291 0.0237
0 0.29789499999999997 0.16812 0.02999 0.04444
0 0.13208333333333333 0.18296296296296297 0.03750000000000002 0.08148148148148149
0 0.17875000000000002 0.28296296296296297 0.027499999999999997 0.020740740740740726
0 0.16916666666666666 0.2177777777777778 0.016666666666666663 0.029629629629629645
0 0.18041666666666667 0.24962962962962965 0.02250000000000002 0.028148148148148172
0 0.21166666666666667 0.22518518518518518 0.035 0.03851851851851851
0 0.23791666666666667 0.2 0.03083333333333335 0.029629629629629645
0 0.20500000000000002 0.2777777777777778 0.026666666666666644 0.03111111111111109
0 0.2275 0.26 0.02833333333333332 0.031111111111111117
0 0.27666666666666667 0.24444444444444444 0.030000000000000027 0.029629629629629617
0 0.3275 0.2251851851851852 0.033333333333333326 0.04148148148148148
0 0.5558333333333333 0.025925925925925925 0.04833333333333334 0.045925925925925926
0 0.60625 0.04666666666666666 0.04916666666666669 0.037037037037037035
0 0.7970833333333334 0.12 0.03249999999999997 0.029629629629629617
0 0.8920833333333333 0.09925925925925926 0.04083333333333328 0.05925925925925926
0 0.9620833333333334 0.1125925925925926 0.03749999999999998 0.08296296296296297
0 0.9858333333333333 0.13555555555555554 0.02499999999999991 0.04296296296296295
0 0.9854166666666666 0.1874074074074074 0.022500000000000075 0.04000000000000001
0 0.9641666666666666 0.24074074074074076 0.03500000000000003 0.04296296296296298
0 0.9183333333333333 0.16592592592592592 0.036666666666666625 0.10074074074074074
0 0.8904166666666666 0.2037037037037037 0.025833333333333375 0.037037037037037035
0 0.8683333333333333 0.18074074074074076 0.02833333333333332 0.044444444444444425
0 0.7775000000000001 0.1703703703703704 0.06166666666666665 0.04148148148148148
0 0.8274999999999999 0.35629629629629633 0.033333333333333326 0.054814814814814816
0 0.7970833333333334 0.29555555555555557 0.04083333333333339 0.04888888888888887
0 0.73125 0.18518518518518517 0.025833333333333264 0.044444444444444425
0 0.7383333333333333 0.2651851851851852 0.026666666666666727 0.04148148148148148
0 0.6975 0.17777777777777778 0.036666666666666625 0.053333333333333344
0 0.6625000000000001 0.18666666666666665 0.04500000000000004 0.07999999999999999
0 0.7004166666666667 0.31333333333333335 0.03416666666666668 0.048888888888888926
0 0.5695833333333333 0.1688888888888889 0.03750000000000009 0.053333333333333344
0 0.59125 0.2177777777777778 0.03083333333333338 0.047407407407407426
0 0.6041666666666667 0.2851851851851852 0.021666666666666612 0.031111111111111145
0 0.63 0.30666666666666664 0.026666666666666616 0.05333333333333329
0 0.6495833333333333 0.33851851851851855 0.02416666666666667 0.037037037037037035
0 0.5841666666666667 0.3681481481481481 0.023333333333333317 0.03407407407407409
0 0.6104166666666666 0.36814814814814817 0.02749999999999997 0.028148148148148144
0 0.5475 0.29555555555555557 0.02833333333333332 0.037037037037037035
0 0.43374999999999997 0.11703703703703702 0.03250000000000003 0.06222222222222222
0 0.42208333333333337 0.20148148148148148 0.027500000000000024 0.06518518518518518
0 0.44875 0.16148148148148148 0.020833333333333315 0.029629629629629617
0 0.42541666666666667 0.25555555555555554 0.025833333333333375 0.04000000000000001
0 0.25916666666666666 0.2896296296296296 0.035 0.06074074074074076
0 0.24291666666666667 0.35333333333333333 0.025833333333333347 0.028148148148148144
0 0.26625 0.3414814814814815 0.02416666666666667 0.0222222222222222
0 0.3420833333333333 0.317037037037037 0.017500000000000016 0.020740740740740782
0 0.34791666666666665 0.3548148148148148 0.020833333333333315 0.022222222222222254
0 0.5029166666666667 0.32666666666666666 0.02250000000000002 0.022222222222222254
0 0.44625000000000004 0.3074074074074074 0.02250000000000002 0.03703703703703709
0 0.45458333333333334 0.2577777777777778 0.02416666666666667 0.04148148148148145
0 0.4770833333333333 0.17777777777777778 0.03916666666666663 0.06518518518518518
0 0.48125 0.2962962962962963 0.03416666666666668 0.05037037037037034
