0 0.34578 0.19666 0.04916 0.06592
0 0.5782999999999999 0.217015 0.035 0.03703
0 0.60394 0.16585499999999997 0.02208 0.03111
0 0.800555 0.061845 0.07791 0.07037
0 0.304915 0.31444 0.01583 0.06148
0 0.18328 0.323655 0.01916 0.07111
0 0.24519 0.40731 0.02458 0.02962
0 0.502895 0.218825 0.02999 0.03925
0 0.37283 0.15105 0.02166 0.0237
0 0.399115 0.29958 0.02083 0.02296
0 0.46833 0.29214999999999997 0.03166 0.0437
0 0.262015 0.250675 0.02083 0.05555
0 0.9099999999999999 0.22444444444444445 0.04166666666666663 0.10814814814814813
0 0.9579166666666666 0.2577777777777778 0.035833333333333384 0.03555555555555556
0 0.9620833333333333 0.3592592592592593 0.03416666666666668 0.037037037037037035
0 0.9929166666666667 0.38962962962962966 0.01083333333333325 0.029629629629629617
0 0.8008333333333333 0.2962962962962963 0.019999999999999907 0.029629629629629617
0 0.8225 0.3162962962962963 0.023333333333333317 0.0696296296296296
0 0.74875 0.2688888888888889 0.02416666666666667 0.022222222222222254
0 0.75 0.30962962962962964 0.030000000000000027 0.053333333333333344
0 0.7204166666666667 0.2925925925925926 0.029166666666666674 0.03407407407407409
0 0.7279166666666667 0.3288888888888889 0.02416666666666667 0.029629629629629617
0 0.6975 0.3451851851851852 0.023333333333333317 0.03555555555555556
0 0.53 0.36 0.02833333333333332 0.03555555555555556
0 0.5529166666666667 0.3985185185185185 0.022500000000000075 0.0474074074074074
0 0.5379166666666666 0.41333333333333333 0.02749999999999997 0.03259259259259262
0 0.6483333333333334 0.26962962962962966 0.023333333333333317 0.04444444444444445
0 0.6145833333333334 0.24 0.03249999999999997 0.05629629629629629
0 0.34625 0.2725925925925926 0.03083333333333338 0.0740740740740741
0 0.18875 0.0874074074074074 0.04916666666666669 0.06814814814814815
0 0.027083333333333334 0.0437037037037037 0.0475 0.04000000000000001
0 0.05083333333333333 0.19407407407407407 0.029999999999999992 0.05629629629629629
0 0.01875 0.28222222222222226 0.029166666666666667 0.037037037037037035
0 0.05791666666666667 0.2474074074074074 0.03250000000000001 0.026666666666666644
0 0.03916666666666667 0.37407407407407406 0.023333333333333334 0.03111111111111109
0 0.09833333333333333 0.35111111111111115 0.03833333333333333 0.0474074074074074
0 0.11125 0.41185185185185186 0.015833333333333338 0.01777777777777778
0 0.16499999999999998 0.43481481481481477 0.023333333333333345 0.019259259259259254
0 0.10666666666666666 0.2777777777777778 0.048333333333333325 0.07851851851851854
0 0.13958333333333334 0.3466666666666667 0.02250000000000002 0.04148148148148145
0 0.215 0.3637037037037037 0.033333333333333326 0.0637037037037037
0 0.18958333333333333 0.3725925925925926 0.020833333333333343 0.022222222222222254
0 0.2316666666666667 0.3511111111111111 0.01999999999999999 0.03259259259259262
