8 0.130605 0.47291 0.02041 0.04222
8 0.04832 0.504065 0.02916 0.07333
8 0.7057 0.47735 0.1216 0.2259
8 0.6119950000000001 0.49548499999999995 0.06499 0.09037
8 0.6545833333333333 0.5111111111111111 0.0508333333333334 0.09777777777777785
8 0.07353 0.508425 0.02624 0.07185
8 0.228315 0.474055 0.04583 0.07851
8 0.24387 0.48146 0.04874 0.08592
8 0.28679 0.50545 0.05958 0.1251
8 0.32198 0.48219999999999996 0.05916 0.1022
8 0.3720833333333333 0.49333333333333335 0.054166666666666696 0.09777777777777785
8 0.39125 0.5 0.055833333333333346 0.10518518518518521
