8 0.6724 0.49585 0.1558 0.1903
8 0.035824999999999996 0.49957 0.03583 0.08074
8 0.5495833333333333 0.4918518518518519 0.07416666666666671 0.07407407407407401
8 0.6041666666666667 0.4955555555555555 0.04500000000000004 0.06666666666666665
8 0.33916666666666667 0.4948148148148148 0.07833333333333337 0.08888888888888885
8 0.28375 0.4948148148148148 0.02749999999999997 0.029629629629629672
8 0.2370833333333333 0.48444444444444446 0.05249999999999996 0.08000000000000007
8 0.22999999999999998 0.46370370370370373 0.07333333333333333 0.04444444444444445
8 0.16 0.4837037037037037 0.08333333333333333 0.07555555555555549
8 0.19333333333333333 0.4985185185185185 0.03833333333333333 0.07851851851851854
