12 0.5209900000000001 0.441085 0.03458 0.03777
12 0.7213700000000001 0.47214500000000004 0.01374 0.03629
12 0.56788 0.48918 0.01916 0.06296
12 0.10436999999999999 0.48505 0.09458 0.1377
12 0.7406200000000001 0.48591500000000004 0.02624 0.07703
12 0.70142 0.46104999999999996 0.01624 0.0437
12 0.639565 0.45954 0.01333 0.02888
12 0.28197999999999995 0.45438 0.01916 0.02296
12 0.23684 0.45733999999999997 0.01708 0.02148
12 0.36429 0.45325499999999996 0.02458 0.03111
12 0.29993000000000003 0.455125 0.02166 0.03185
12 0.34575 0.45257000000000003 0.0175 0.02814
12 0.33325 0.45253 0.0175 0.02666
