0 0.540958 0.348495 0.007916 0.01259
0 0.46493 0.19104500000000002 0.01166 0.01629
0 0.6904166666666667 0.39925925925925926 0.009166666666666656 0.013333333333333308
0 0.6920833333333334 0.317037037037037 0.007499999999999951 0.011851851851851836
0 0.5979166666666667 0.33333333333333337 0.007500000000000062 0.00888888888888889
0 0.6233333333333333 0.35259259259259257 0.00666666666666671 0.00888888888888889
0 0.7729166666666667 0.3874074074074074 0.009166666666666656 0.013333333333333308
0 0.7308333333333333 0.40074074074074073 0.010000000000000009 0.007407407407407418
0 0.5066666666666666 0.4348148148148148 0.008333333333333415 0.010370370370370363
0 0.7329166666666667 0.4222222222222222 0.012499999999999956 0.011851851851851891
