12 0.55019 0.45139 0.03958 0.04518
12 0.850745 0.46404500000000004 0.02749 0.03629
12 0.47894000000000003 0.4473 0.09208 0.1022
12 0.14184 0.4436 0.04708 0.114
12 0.250205 0.420735 0.03541 0.03407
12 0.9310200000000001 0.46624 0.03624 0.06148
12 0.7992750000000001 0.462195 0.02875 0.03259
12 0.7745833333333334 0.457037037037037 0.015833333333333255 0.045925925925925926
12 0.653265 0.46553 0.07833 0.08666
12 0.540525 0.454795 0.02125 0.03999
12 0.5804166666666666 0.45111111111111113 0.02749999999999997 0.03407407407407409
