6 0.45104 0.4288 0.03208 0.1614
6 0.201245 0.43325 0.03249 0.1911
6 0.767205 0.43365000000000004 0.04541 0.1651
6 0.5418499999999999 0.43620000000000003 0.1329 0.2296
6 0.344515 0.42285 0.06083 0.1525
6 0.34557595993322204 0.4474074074074074 0.05342237061769617 0.0888888888888889
6 0.2495 0.44620000000000004 0.05 0.1992
6 0.25709515859766274 0.40814814814814815 0.04006677796327213 0.12888888888888894
6 0.86062 0.4255 0.05624 0.1992
6 0.89599 0.43655 0.03958 0.1725
6 0.72205 0.45139999999999997 0.0225 0.1
6 0.60698 0.43515000000000004 0.04416 0.1711
