8 0.13057 0.488495 0.02374 0.05999
8 0.88559 0.622915 0.01958 0.03703
8 0.854565 0.62108 0.05333 0.06296
8 0.8054 0.612955 0.05 0.05851
8 0.7899999999999999 0.608455 0.045 0.05111
8 0.773905 0.60035 0.03541 0.0437
8 0.261884904086739 0.5096296296296297 0.030025020850708933 0.056296296296296344
8 0.2994161801501251 0.5133333333333333 0.03336113427856546 0.06962962962962965
8 0.359466221851543 0.5244444444444445 0.021684737281067512 0.07703703703703707
8 0.3824020016680567 0.5355555555555556 0.029190992493744794 0.045925925925925926
8 0.39449541284403666 0.5503703703703704 0.03002502085070896 0.03703703703703709
8 0.33736447039199335 0.5266666666666666 0.022518765638031735 0.09333333333333338
8 0.3215179316096747 0.5140740740740741 0.027522935779816515 0.053333333333333344
