8 0.096865 0.52294 0.01541 0.04148
8 0.254115 0.54738 0.08083 0.08296
8 0.57974 0.54915 0.08708 0.2125
8 0.69979 0.610715 0.02458 0.09703
8 0.5291 0.56885 0.17 0.1807
8 0.81057 0.628815 0.07374 0.07703
8 0.077705 0.51327 0.02875 0.06074
8 0.5137729549248748 0.5459259259259259 0.07429048414023376 0.18518518518518517
8 0.4561769616026711 0.5755555555555556 0.07429048414023376 0.09333333333333338
8 0.31594323873121866 0.5555555555555556 0.06427378964941571 0.07407407407407407
8 0.3793823038397329 0.5637037037037037 0.0709515859766277 0.08148148148148149
