8 0.32974000000000003 0.5376949999999999 0.05708 0.07259
8 0.09582500000000001 0.48407 0.04749 0.04814
8 0.719495 0.5969599999999999 0.02999 0.04592
8 0.405155 0.544385 0.02291 0.05037
8 0.31783 0.529895 0.03166 0.05999
8 0.438925 0.54924 0.03125 0.06148
8 0.8803650000000001 0.621425 0.04333 0.05185
8 0.74665 0.600725 0.0425 0.05185
8 0.35951500000000003 0.53885 0.06583 0.0837
8 0.22185 0.50475 0.1079 0.1059
8 0.839145 0.6173949999999999 0.04749 0.05259
8 0.28429000000000004 0.52849 0.03458 0.04518
8 0.15684 0.50625 0.02708 0.0437
8 0.0172883 0.475085 0.03291 0.03777
8 0.046035 0.47404 0.04125 0.04888
8 0.075825 0.48064 0.04583 0.04888
