8 0.5736650000000001 0.6317999999999999 0.04333 0.0474
8 0.15012 0.556255 0.02624 0.03851
8 0.896 0.63395 0.2012 0.3303
8 0.78833 0.66586 0.03666 0.04592
8 0.819705 0.671805 0.04041 0.05481
8 0.07937 0.54657 0.03458 0.02814
8 0.2474958263772955 0.5681481481481481 0.05258764607679467 0.05481481481481476
8 0.29706499999999997 0.572565 0.03833 0.09333
8 0.342895 0.58924 0.02999 0.06888
8 0.37054 0.5932299999999999 0.03208 0.06666
8 0.3113522537562604 0.5733333333333334 0.03839732888146913 0.08592592592592596
