8 0.84038 0.674805 0.02916 0.05481
8 0.7489000000000001 0.58735 0.3012 0.3703
8 0.950415 0.697675 0.02583 0.07555
8 0.258245 0.56215 0.09749 0.1125
8 0.4395 0.60554 0.05 0.06148
8 0.48873121869782965 0.6044444444444445 0.04924874791318862 0.05629629629629629
8 0.513355592654424 0.6133333333333333 0.03338898163606008 0.047407407407407454
8 0.114565 0.54553 0.02333 0.04666
8 0.2892320534223706 0.577037037037037 0.03088480801335558 0.040000000000000036
8 0.328881469115192 0.5807407407407408 0.04507512520868112 0.08592592592592585
8 0.343906510851419 0.5822222222222222 0.04674457429048412 0.06814814814814818
