8 0.548905 0.36139 0.01541 0.02518
8 0.696995 0.39851000000000003 0.01499 0.02222
8 0.47517 0.36249499999999996 0.01374 0.01999
8 0.928715 0.40287 0.02583 0.02074
8 0.82264 0.39994 0.02208 0.04888
8 0.92344 0.4085 0.02708 0.0274
8 0.937045 0.40659 0.02749 0.02518
8 0.9646899999999999 0.428855 0.03958 0.03111
8 0.990575 0.40693999999999997 0.01875 0.06888
8 0.93094 0.41361000000000003 0.04208 0.04222
8 0.94538 0.423605 0.07416 0.05481
8 0.45283 0.368465 0.01666 0.07333
8 0.83538 0.39107 0.04916 0.06814
8 0.764065 0.381045 0.01833 0.03629
8 0.208105 0.2903 0.04041 0.0874
8 0.974515 0.406285 0.05083 0.07037
8 0.8 0.39400999999999997 0.05 0.06222
8 0.8691 0.393625 0.075 0.07185
8 0.6609900000000001 0.3569 0.05458 0.1288
8 0.2360166 0.4892407 0.4712 0.977
