8 0.69618 0.40213499999999996 0.03916 0.07407
8 0.82269 0.43588 0.02458 0.02296
8 0.8470650000000001 0.43771 0.02333 0.02962
8 0.277015 0.36511 0.03583 0.06962
8 0.25125 0.37111111111111106 0.017500000000000016 0.037037037037037035
8 0.19583333333333333 0.35037037037037033 0.03999999999999998 0.07555555555555554
8 0.15541666666666665 0.3488888888888889 0.03416666666666665 0.06962962962962965
8 0.12458333333333334 0.35333333333333333 0.03083333333333335 0.03703703703703709
8 0.5813999999999999 0.51477 0.487 0.9288
8 0.6257999999999999 0.415855 0.025 0.05851
8 0.51375 0.4318518518518519 0.1208333333333334 0.22666666666666668
8 0.6016666666666667 0.3125925925925926 0.35999999999999993 0.5185185185185185
