8 0.35285 0.340365 0.0175 0.03333
8 0.595395 0.364715 0.01499 0.01703
8 0.33637 0.33953999999999995 0.01374 0.02148
8 0.32927500000000004 0.337025 0.02875 0.05925
8 0.16581500000000002 0.322955 0.03083 0.03111
8 0.156165 0.314055 0.02333 0.03111
8 0.17373 0.32437 0.02166 0.02074
8 0.78684 0.38293 0.02708 0.02666
8 0.35205 0.33777 0.0125 0.02074
8 0.30094 0.32993 0.01708 0.08666
8 0.21265499999999998 0.32624000000000003 0.02791 0.02888
8 0.328745 0.33962000000000003 0.02749 0.02444
8 0.1127 0.30805 0.06708 0.1111
8 0.29788329999999996 0.48884069999999996 0.5941 0.9762
8 0.7584500000000001 0.375855 0.1045 0.09111
