1 0.516875 0.36474999999999996 0.02875 0.0437
1 0.7922549999999999 0.39921500000000004 0.06791 0.07703
1 0.753695 0.3962 0.02999 0.0474
1 0.7147699999999999 0.39585 0.04374 0.0437
1 0.30909499999999995 0.34214500000000003 0.01499 0.01629
1 0.25599 0.32807 0.07458 0.06814
1 0.216995 0.331845 0.01499 0.01629
1 0.13368 0.325145 0.01916 0.01629
1 0.17708333333333331 0.32666666666666666 0.020833333333333343 0.022222222222222254
1 0.16291666666666665 0.32222222222222224 0.009166666666666684 0.010370370370370363
