8 0.4697 0.3962 0.1462 0.2088
8 0.076655 0.35918 0.01999 0.04296
8 0.019161 0.34514 0.02749 0.04888
8 0.12032999999999999 0.34702500000000003 0.03166 0.03185
8 0.086035 0.35143 0.04041 0.04666
8 0.0583295 0.333325 0.009999 0.01925
8 0.004375 0.325895 0.00875 0.03999
8 0.8041 0.49073100000000003 0.3708 0.9785
8 0.6145299999999999 0.39916999999999997 0.02666 0.02074
8 0.09 0.33919 0.0225 0.02518
8 0.149755 0.353265 0.01291 0.01333
8 0.126855 0.347775 0.01791 0.01555
8 0.30889999999999995 0.48887200000000003 0.297 0.9733
8 0.6083149999999999 0.408115 0.04083 0.03703
8 0.099375 0.346595 0.03875 0.03999
8 0.983455 0.3569 0.03291 0.4414
8 0.16849 0.340285 0.02458 0.07037
8 0.570415 0.39999 0.05083 0.06518
8 0.5756 0.489981 0.8354 0.977
8 0.4693 0.37995 0.102 0.1303
