8 0.51615 0.48925 0.5241 0.9785
8 0.69977 0.375535 0.06374 0.07407
8 0.92679 0.39476 0.07458 0.08592
8 0.199545 0.318865 0.03249 0.03333
8 0.03562 0.27402 0.07124 0.08444
8 0.0037495 0.27 0.007499 0.1
8 0.07250000000000001 0.2985185185185185 0.06666666666666667 0.10222222222222221
8 0.133115 0.29810000000000003 0.09041 0.134
8 0.18993000000000002 0.321785 0.01666 0.03037
8 0.4558 0.3473 0.1058 0.1348
8 0.407395 0.33696 0.02999 0.04592
8 0.38708333333333333 0.33333333333333337 0.01749999999999996 0.04444444444444445
8 0.5054166666666666 0.35111111111111115 0.019166666666666665 0.0859259259259259
8 0.800815 0.390355 0.09583 0.07851
8 0.95 0.37259259259259253 0.09666666666666668 0.5377777777777777
