8 0.766805 0.381415 0.01541 0.03703
8 0.66908 0.35655000000000003 0.03916 0.1325
8 0.24641659999999999 0.489581 0.492 0.9762
8 0.20493 0.32363000000000003 0.01666 0.02666
8 0.22847499999999998 0.327685 0.01875 0.07777
8 0.8299500000000001 0.388075 0.0175 0.07555
8 0.8545833333333334 0.3925925925925926 0.035833333333333384 0.07111111111111112
8 0.8987499999999999 0.3874074074074074 0.0591666666666667 0.09333333333333332
8 0.9420833333333334 0.3962962962962963 0.01749999999999996 0.0251851851851852
8 0.97375 0.40296296296296297 0.050833333333333286 0.07999999999999996
