8 0.733715 0.377735 0.06083 0.07407
8 0.100405 0.30700000000000005 0.09749 0.1074
8 0.05415 0.28250000000000003 0.1083 0.1
8 0.97538 0.4036 0.04916 0.0874
8 0.50535 0.4885 0.4449 0.977
8 0.4741666666666667 0.33851851851851855 0.025000000000000022 0.122962962962963
8 0.5233333333333333 0.3555555555555555 0.051666666666666694 0.0859259259259259
8 0.2475 0.33333333333333337 0.04166666666666666 0.04148148148148151
8 0.8641500000000001 0.397395 0.0175 0.05259
8 0.8179166666666666 0.38814814814814813 0.060833333333333406 0.07407407407407407
8 0.8095833333333333 0.3725925925925926 0.050833333333333286 0.0755555555555556
8 0.00854 0.2696 0.01708 0.1022
8 0.16664500000000002 0.31811 0.03249 0.04222
8 0.14269 0.3014 0.1229 0.1318
8 0.76932 0.384345 0.03624 0.05629
