8 0.17323 0.441 0.06666 0.1192
8 0.98144 0.39548 0.03708 0.08296
8 0.426 0.46105 0.1012 0.1281
8 0.39325 0.45255 0.1141 0.1585
8 0.28235 0.44035 0.1099 0.1607
8 0.21828046744574292 0.45259259259259255 0.10601001669449084 0.117037037037037
8 0.5781000000000001 0.441 0.1562 0.1962
8 0.5751252086811351 0.4488888888888889 0.13188647746243742 0.12148148148148152
8 0.723 0.45365 0.147 0.1829
8 0.7303839732888147 0.4533333333333333 0.1452420701168614 0.16592592592592592
8 0.8301335559265443 0.45333333333333337 0.07595993322203665 0.08000000000000002
