8 0.78203 0.43585 0.07666 0.1681
8 0.83325 0.46218499999999996 0.0375 0.09037
8 0.8724649999999999 0.46477 0.03833 0.08074
8 0.9947050000000001 0.17219 0.01041 0.2792
8 0.538105 0.39625 0.09541 0.4059
8 0.45432 0.41695000000000004 0.06624 0.3955
8 0.19915 0.364429 0.3983 0.7096
8 0.16666666666666669 0.42074074074074075 0.2866666666666667 0.4118518518518519
8 0.09583333333333334 0.42 0.18666666666666668 0.42222222222222217
8 0.404565 0.4499 0.07333 0.254
8 0.54 0.45185185185185184 0.09999999999999998 0.10666666666666669
