1 0.86868 0.484375 0.02416 0.03555
1 0.82655 0.46920999999999996 0.1033 0.08222
1 0.42374999999999996 0.4562962962962963 0.04583333333333334 0.04444444444444445
1 0.4570833333333333 0.45259259259259255 0.017500000000000016 0.019259259259259254
1 0.5345833333333334 0.45259259259259255 0.01749999999999996 0.019259259259259254
1 0.5483333333333333 0.4548148148148148 0.014999999999999902 0.01481481481481478
1 0.5841666666666667 0.4525925925925926 0.01666666666666672 0.013333333333333308
1 0.5520833333333334 0.47185185185185186 0.04249999999999998 0.0251851851851852
1 0.08957499999999999 0.4595 0.05333 0.1088
1 0.172845 0.452955 0.04749 0.05111
1 0.25583333333333336 0.4548148148148148 0.044999999999999984 0.05333333333333329
1 0.29666666666666663 0.45111111111111113 0.04999999999999999 0.060740740740740706
1 0.32916666666666666 0.4496296296296296 0.03833333333333333 0.03999999999999998
