1 0.30083 0.43886000000000003 0.01666 0.02592
1 0.45665 0.461085 0.0225 0.03037
1 0.45512 0.456985 0.01624 0.01777
1 0.806805 0.482545 0.02541 0.03629
1 0.077915 0.465155 0.04083 0.07851
1 0.94535 0.45215000000000005 0.1091 0.2525
1 0.372865 0.454775 0.03333 0.03555
1 0.5485049999999999 0.455835 0.01541 0.01407
1 0.5833333333333334 0.45259259259259255 0.018333333333333313 0.019259259259259254
1 0.21264 0.45809 0.02208 0.04518
1 0.2408 0.46324499999999996 0.05 0.07629
1 0.185 0.4659259259259259 0.023333333333333317 0.0251851851851852
1 0.132915 0.45034 0.04083 0.04888
