8 0.8193400000000001 0.451 0.06708 0.1822
8 0.29786 0.40405 0.4099 0.8081
8 0.33559999999999995 0.47665 0.1204 0.2111
8 0.5929166666666666 0.45185185185185184 0.02416666666666667 0.07111111111111112
8 0.569725 0.45294999999999996 0.06125 0.2111
8 0.503315 0.4636 0.07083 0.2266
8 0.5291666666666667 0.4614814814814815 0.02833333333333332 0.07851851851851849
8 0.39749999999999996 0.46518518518518515 0.023333333333333373 0.10074074074074074
8 0.433315 0.464755 0.02583 0.09851
8 0.45619499999999996 0.47025 0.03999 0.1081
