1 0.19599 0.454385 0.02958 0.03777
1 0.284755 0.441825 0.03791 0.03185
1 0.865765 0.486985 0.01833 0.03777
1 0.7792914999999999 0.47146 0.009583 0.02592
1 0.36916666666666664 0.4614814814814815 0.0566666666666667 0.054814814814814816
1 0.43374999999999997 0.46074074074074073 0.03750000000000003 0.03851851851851851
1 0.495 0.46074074074074073 0.03833333333333333 0.03259259259259262
1 0.5291666666666667 0.4622222222222222 0.023333333333333428 0.03259259259259256
1 0.5720833333333333 0.45999999999999996 0.054166666666666585 0.05185185185185187
1 0.45458333333333334 0.46370370370370373 0.02749999999999997 0.04148148148148151
1 0.9341666666666666 0.48074074074074075 0.07166666666666666 0.07259259259259265
