8 0.39618 0.46253 0.07916 0.08666
8 0.09619 0.46140000000000003 0.1174 0.1066
8 0.83307 0.465925 0.04874 0.09185
8 0.7929166666666667 0.47185185185185186 0.05583333333333329 0.09925925925925921
8 0.7683333333333333 0.437037037037037 0.030000000000000027 0.0474074074074074
8 0.7225 0.41555555555555557 0.046666666666666634 0.04296296296296298
8 0.39916666666666667 0.4748148148148148 0.03166666666666662 0.04296296296296298
8 0.5722200000000001 0.4692 0.08624 0.1088
8 0.536215 0.467325 0.03083 0.09185
8 0.45307 0.465915 0.02374 0.07703
8 0.491615 0.46365 0.06083 0.1111
