1 0.7782995 0.47037 0.009999 0.02074
1 0.863505 0.489205 0.01541 0.03481
1 0.378075 0.462495 0.05375 0.05999
1 0.569895 0.46068 0.05499 0.04296
1 0.5291666666666667 0.46444444444444444 0.023333333333333428 0.037037037037037035
1 0.49 0.46370370370370373 0.04499999999999993 0.03555555555555551
1 0.4554166666666667 0.46 0.014166666666666716 0.0251851851851852
1 0.4345833333333333 0.4614814814814815 0.03749999999999998 0.037037037037037035
1 0.19429 0.452165 0.02958 0.03333
1 0.28304 0.441395 0.04208 0.03259
